calib_time: 2026-01-28 09:14:33
R: 5.341660e-03 -9.999750e-01 4.714920e-03 -6.937280e-03 -4.751930e-03 -9.999650e-01 9.999620e-01 5.308760e-03 -6.962490e-03
T: 4.933630e-02 -1.097860e-01 -1.270780e-01