calib_time: 2026-01-28 09:14:33
corner_dist: 9.600000e-02
K_00: 2.398364205e+03 0.000000e+00 9.548803420e+02 0.000000e+00 2.516002253e+03 6.810160010e+02 0.000000e+00 0.000000e+00 1.000000e+00
D_00: -3.691481e-01 1.968681e-01 1.273543e-03 -3.413590e-04 0.000000e+00
R_00: 1.000000e+00 0.000000e+00 0.000000e+00 0.000000e+00 1.000000e+00 0.000000e+00 0.000000e+00 0.000000e+00 1.000000e+00
T_00: 0.000000e+00 0.000000e+00 0.000000e+00
S_rect_00: 1.242000e+03 3.750000e+02
R_rect_00: 9.999128e-01 1.009263e-02 -8.511932e-03 -1.012729e-02 9.999406e-01 -4.037671e-03 8.470675e-03 4.123522e-03 9.999556e-01
P_rect_00: 7.188560e+02 0.000000e+00 6.071928e+02 0.000000e+00 0.000000e+00 7.188560e+02 1.852157e+02 0.000000e+00 0.000000e+00 0.000000e+00 1.000000e+00 0.000000e+00
